24 0.9425 0.245 0.111667 0.1325
26 0.3125 0.215625 0.0416667 0.04625
24 0.973333 0.248125 0.0533333 0.11125
0 0.818333 0.231875 0.05 0.10625
0 0.246667 0.220625 0.04 0.16375
0 0.484167 0.219375 0.0516667 0.10875
0 0.415833 0.21375 0.0516667 0.125
6 0.488333 0.16 0.97 0.32
0 0.643333 0.230625 0.0533333 0.11375
0 0.436667 0.219375 0.0466667 0.11625
0 0.36 0.210625 0.05 0.11625
0 0.764167 0.255625 0.0583333 0.15625
0 0.8675 0.271875 0.108333 0.25875
28 0.2325 0.3425 0.0683333 0.0975
0 0.286667 0.231875 0.08 0.17375
0 0.709167 0.25125 0.0783333 0.1625
0 0.0341667 0.239375 0.0683333 0.28875
0 0.548333 0.283125 0.106667 0.23625
0 0.936667 0.321875 0.126667 0.37125
0 0.165833 0.259375 0.158333 0.29375
