0 0.675 0.115 0.0433333 0.1175
0 0.984167 0.581875 0.0316667 0.15375
0 0.155 0.17875 0.0466667 0.085
0 0.33 0.165 0.0466667 0.105
0 0.813333 0.39 0.05 0.07
0 0.75 0.410625 0.0666667 0.10375
0 0.8075 0.473125 0.0583333 0.13375
0 0.789167 0.10875 0.035 0.115
0 0.291667 0.114375 0.0433333 0.09375
36 0.434167 0.671875 0.075 0.06375
0 0.831667 0.47 0.04 0.1375
0 0.644167 0.115 0.055 0.1175
0 0.4725 0.6025 0.0516667 0.135
0 0.405833 0.279375 0.045 0.07875
26 0.5375 0.595625 0.0483333 0.06625
0 0.8925 0.445 0.0583333 0.1025
0 0.5225 0.605625 0.0716667 0.15375
0 0.0625 0.429375 0.0616667 0.10125
0 0.754167 0.115625 0.0583333 0.13875
0 0.0266667 0.305 0.0433333 0.0725
0 0.424167 0.616875 0.0883333 0.15625
0 0.555833 0.419375 0.0683333 0.13875
0 0.0808333 0.115625 0.055 0.10375
0 0.948333 0.53 0.0766667 0.14
0 0.0816667 0.5725 0.07 0.12
0 0.756667 0.548125 0.0766667 0.15375
0 0.608333 0.88875 0.12 0.22
0 0.273333 0.935 0.113333 0.13
0 0.484167 0.910625 0.115 0.17625
